0 	-62.756306	0.000848	1509.433960
1 	-60.835606	0.000657	1962.264160
2 	-61.370014	0.000680	2012.578613
3 	-60.597298	0.000701	1811.320801
4 	-60.906769	0.000559	2012.578613
5 	-61.982475	0.000505	2364.779785
6 	-62.065659	0.000890	1358.490601
7 	-62.479103	0.000536	1610.062866
8 	-63.479523	0.000555	1610.062866
9 	-62.564034	0.000647	2817.610107
10 	-53.291618	0.001489	2264.150879
11 	-50.478416	0.001798	2062.893066
12 	-52.393768	0.001149	1962.264160
13 	-57.576717	0.001036	2314.465332
14 	-59.749722	0.000732	1962.264160
15 	-60.909115	0.000840	1610.062866
16 	-60.799507	0.000805	1761.006348
17 	-57.811798	0.001088	704.402527
18 	-58.006168	0.000736	855.345886
19 	-62.674393	0.000633	2113.207520
20 	-62.313026	0.000731	2213.836426
21 	-60.623898	0.000830	1660.377319
22 	-61.094532	0.000752	2012.578613
23 	-59.018250	0.001059	1157.232666
24 	-58.680614	0.000726	1660.377319
25 	-60.897266	0.000741	1911.949707
26 	-61.355480	0.000630	2616.352295
27 	-62.221264	0.000611	2062.893066
28 	-62.303711	0.000729	1257.861694
29 	-61.672253	0.000746	1257.861694
30 	-62.001701	0.000686	2012.578613
31 	-61.405502	0.000667	2666.666748
32 	-61.506462	0.000496	2113.207520
33 	-61.552162	0.000782	1308.176147
34 	-61.753597	0.000577	2415.094238
35 	-63.879688	0.000443	2566.037842
36 	-63.991375	0.000554	1761.006348
37 	-62.859024	0.000580	2062.893066
38 	-62.299603	0.000607	1308.176147
39 	-63.448586	0.000445	1610.062866
40 	-65.199409	0.000486	2666.666748
41 	-61.013596	0.000783	1006.289307
42 	-60.107662	0.000488	1861.635254
43 	-63.567875	0.000435	2415.094238
44 	-64.338120	0.000704	1509.433960
45 	-59.134018	0.000934	704.402527
46 	-57.277790	0.000928	855.345886
47 	-57.389427	0.001035	2364.779785
48 	-47.085155	0.005750	3622.641602
49 	-40.368645	0.010411	4578.616211
50 	-37.764473	0.012816	4427.672852
51 	-38.861969	0.005533	4176.100586
52 	-41.232723	0.007718	4628.930664
53 	-40.927574	0.008933	4327.043945
54 	-38.787254	0.011029	4779.874023
55 	-37.274719	0.011179	4679.245117
56 	-35.694637	0.012999	4427.672852
57 	-36.523869	0.008209	3874.213867
58 	-37.245316	0.015594	2163.521973
59 	-23.445673	0.115847	352.201263
60 	-15.797720	0.160239	503.144653
61 	-11.536278	0.212651	452.830200
62 	-9.664134	0.266540	603.773560
63 	-9.693152	0.239440	603.773560
64 	-10.616447	0.239687	402.515717
65 	-10.628061	0.292168	402.515717
66 	-10.466426	0.292602	402.515717
67 	-11.517322	0.240501	553.459106
68 	-12.366735	0.234322	503.144653
69 	-12.221132	0.184044	754.716980
70 	-12.606852	0.145704	402.515717
71 	-13.564473	0.141644	452.830200
72 	-13.413700	0.144859	402.515717
73 	-13.234538	0.144322	352.201263
74 	-13.432705	0.147303	301.886780
75 	-13.519252	0.134685	301.886780
76 	-13.943343	0.135889	402.515717
77 	-14.893916	0.118678	201.257858
78 	-17.307230	0.084465	402.515717
79 	-18.443693	0.087365	704.402527
80 	-18.332130	0.083863	553.459106
81 	-18.469231	0.085524	503.144653
82 	-18.821375	0.077938	503.144653
83 	-18.868574	0.101236	503.144653
84 	-18.495167	0.121123	452.830200
85 	-19.366381	0.099738	402.515717
86 	-22.177090	0.047787	503.144653
87 	-26.829229	0.046958	805.031433
88 	-28.242834	0.034276	2415.094238
89 	-29.123537	0.029931	2113.207520
90 	-27.969908	0.035422	805.031433
91 	-28.728251	0.020404	855.345886
92 	-30.875406	0.018677	1006.289307
93 	-32.028564	0.014704	704.402527
94 	-35.083988	0.012806	603.773560
95 	-34.142967	0.013646	704.402527
96 	-34.175861	0.014648	1408.805054
97 	-36.670395	0.015922	754.716980
98 	-21.617905	0.092904	553.459106
99 	-13.705999	0.183604	553.459106
100 	-11.362162	0.217552	754.716980
101 	-11.246252	0.215605	855.345886
102 	-11.682859	0.199896	452.830200
103 	-13.473524	0.177411	553.459106
104 	-15.856590	0.182614	503.144653
105 	-15.038711	0.217005	402.515717
106 	-12.827600	0.213647	452.830200
107 	-11.864383	0.236769	452.830200
108 	-11.344247	0.251136	452.830200
109 	-10.365142	0.260920	553.459106
110 	-9.985418	0.245735	452.830200
111 	-11.262801	0.206215	553.459106
112 	-14.205369	0.158576	301.886780
113 	-16.982126	0.097738	352.201263
114 	-18.673326	0.059376	603.773560
115 	-21.091541	0.057308	452.830200
116 	-22.764671	0.061702	503.144653
117 	-23.517685	0.048508	503.144653
118 	-23.677467	0.053831	1459.119507
119 	-24.567957	0.046625	503.144653
120 	-22.874220	0.065079	603.773560
121 	-17.011803	0.086168	603.773560
122 	-14.765208	0.114756	301.886780
123 	-14.926199	0.111266	301.886780
124 	-16.735275	0.090515	301.886780
125 	-19.337654	0.068259	301.886780
126 	-19.486441	0.076887	352.201263
127 	-18.874109	0.084439	352.201263
128 	-19.713997	0.075621	603.773560
129 	-21.055426	0.067134	603.773560
130 	-18.919268	0.100064	503.144653
131 	-17.416508	0.108437	603.773560
132 	-17.745865	0.110480	805.031433
133 	-17.945236	0.118199	805.031433
134 	-17.721848	0.133430	704.402527
135 	-17.050037	0.128596	704.402527
136 	-16.230742	0.121991	704.402527
137 	-14.631817	0.150942	603.773560
138 	-13.278183	0.138637	704.402527
139 	-12.200675	0.144929	603.773560
140 	-11.823342	0.134804	553.459106
141 	-12.992393	0.123266	352.201263
142 	-15.066823	0.105175	553.459106
143 	-17.495672	0.077263	553.459106
144 	-20.619078	0.053309	603.773560
145 	-24.259109	0.044104	1106.918213
146 	-26.688217	0.054896	805.031433
147 	-25.293898	0.049095	603.773560
148 	-20.691273	0.071631	402.515717
149 	-18.060925	0.088739	603.773560
150 	-17.455122	0.125199	503.144653
151 	-15.759726	0.127899	402.515717
152 	-14.621161	0.134109	402.515717
153 	-16.175510	0.113433	553.459106
154 	-18.165676	0.081501	503.144653
155 	-18.523268	0.093160	704.402527
156 	-19.444992	0.072517	553.459106
157 	-20.336895	0.078863	654.088074
158 	-22.063829	0.053058	654.088074
159 	-23.780296	0.051310	704.402527
160 	-25.171621	0.043244	654.088074
161 	-25.299603	0.040955	654.088074
162 	-27.228626	0.031821	503.144653
163 	-26.685837	0.034808	452.830200
164 	-27.739464	0.021056	654.088074
165 	-28.243731	0.029782	452.830200
166 	-29.021549	0.011916	503.144653
167 	-35.791100	0.014078	352.201263
168 	-37.186699	0.009732	402.515717
169 	-37.953346	0.009334	654.088074
170 	-37.947353	0.010435	503.144653
171 	-38.325466	0.009700	503.144653
172 	-37.792667	0.009017	553.459106
173 	-39.752899	0.005701	503.144653
174 	-42.728020	0.006909	150.943390
175 	-42.240818	0.004956	503.144653
176 	-41.198784	0.008759	150.943390
177 	-42.266930	0.004671	805.031433
178 	-44.129387	0.006545	150.943390
179 	-45.317883	0.003618	402.515717
180 	-43.877125	0.005659	100.628929
181 	-44.221657	0.002130	603.773560
182 	-49.402954	0.003809	603.773560
183 	-48.216381	0.003209	452.830200
184 	-49.263870	0.002617	654.088074
185 	-50.309860	0.002714	402.515717
186 	-51.653347	0.001789	1056.603760
187 	-53.255787	0.001693	503.144653
188 	-55.702084	0.001374	1207.547119
189 	-57.544922	0.001290	1962.264160
190 	-51.351845	0.003827	603.773560
191 	-40.571419	0.016699	503.144653
192 	-28.240396	0.036614	704.402527
193 	-21.363472	0.094948	452.830200
194 	-18.169075	0.112606	201.257858
195 	-16.602896	0.102053	201.257858
196 	-18.215527	0.051711	754.716980
197 	-20.667990	0.081681	301.886780
198 	-17.281216	0.102101	452.830200
199 	-15.228118	0.134211	603.773560
200 	-14.950271	0.146806	654.088074
201 	-16.598774	0.129815	654.088074
202 	-19.116219	0.129550	805.031433
203 	-19.777927	0.104703	603.773560
204 	-16.766462	0.146444	654.088074
205 	-15.985500	0.101716	754.716980
206 	-17.628336	0.097651	654.088074
207 	-18.267262	0.093562	553.459106
208 	-20.189070	0.088058	251.572327
209 	-20.389044	0.075775	553.459106
210 	-19.974709	0.056512	402.515717
211 	-22.414646	0.076109	201.257858
212 	-22.343765	0.056686	402.515717
213 	-22.015638	0.057542	251.572327
214 	-23.805187	0.055104	100.628929
215 	-25.674353	0.034896	301.886780
216 	-26.736015	0.036756	603.773560
217 	-28.571644	0.036276	352.201263
218 	-29.658892	0.024788	301.886780
219 	-29.484453	0.029344	201.257858
220 	-23.943583	0.074030	352.201263
221 	-21.936054	0.087178	654.088074
222 	-20.768209	0.088051	553.459106
223 	-16.167839	0.140224	503.144653
224 	-15.344172	0.111646	402.515717
225 	-18.087921	0.084254	553.459106
226 	-18.938196	0.088627	301.886780
227 	-19.901903	0.066729	553.459106
228 	-22.499512	0.088634	352.201263
229 	-20.579622	0.096971	352.201263
230 	-19.779989	0.079658	603.773560
231 	-18.392962	0.113099	452.830200
232 	-17.427898	0.098102	452.830200
233 	-16.964836	0.109545	402.515717
234 	-15.800840	0.115629	402.515717
235 	-15.351186	0.114876	402.515717
236 	-16.185209	0.091447	402.515717
237 	-17.823086	0.075531	150.943390
238 	-19.624588	0.054432	201.257858
239 	-22.854395	0.039676	352.201263
240 	-26.529213	0.036732	301.886780
241 	-22.173985	0.105489	201.257858
242 	-20.788301	0.093506	201.257858
243 	-22.043238	0.103856	251.572327
244 	-22.024666	0.104805	201.257858
245 	-20.336336	0.142683	201.257858
246 	-18.264599	0.151830	503.144653
247 	-17.597685	0.144813	503.144653
248 	-17.980171	0.121311	704.402527
249 	-18.045532	0.121110	805.031433
250 	-18.066223	0.117944	754.716980
251 	-17.961519	0.126124	905.660400
252 	-18.581869	0.096673	754.716980
253 	-21.067192	0.068212	553.459106
254 	-22.258812	0.065636	452.830200
255 	-20.034744	0.078945	654.088074
256 	-20.913784	0.053876	452.830200
257 	-25.579668	0.049294	402.515717
258 	-23.045195	0.075413	100.628929
259 	-23.078297	0.041035	301.886780
260 	-25.798542	0.055061	150.943390
261 	-25.791510	0.033239	503.144653
262 	-27.758335	0.029201	301.886780
263 	-27.481302	0.046284	503.144653
264 	-26.664261	0.048483	301.886780
265 	-24.469311	0.076907	603.773560
266 	-21.981544	0.072027	855.345886
267 	-20.888058	0.080802	603.773560
268 	-19.657030	0.095190	805.031433
269 	-18.154961	0.088145	553.459106
270 	-18.091991	0.082384	905.660400
271 	-19.157299	0.079465	654.088074
272 	-21.291168	0.068306	402.515717
273 	-20.636488	0.078706	201.257858
274 	-18.434637	0.098013	301.886780
275 	-19.137770	0.094686	50.314465
276 	-20.293682	0.081965	402.515717
277 	-20.145454	0.094404	50.314465
278 	-18.807583	0.088775	201.257858
279 	-20.171591	0.052684	352.201263
280 	-25.848455	0.039572	603.773560
281 	-26.019346	0.044499	603.773560
282 	-25.040279	0.039721	452.830200
283 	-25.970657	0.040902	553.459106
284 	-28.049974	0.031252	150.943390
285 	-27.203295	0.049129	100.628929
286 	-24.701469	0.040000	603.773560
287 	-25.453352	0.039377	50.314465
288 	-28.569159	0.028189	301.886780
289 	-29.070108	0.032482	50.314465
290 	-32.553669	0.013016	301.886780
291 	-34.252666	0.017807	704.402527
292 	-36.220245	0.010047	402.515717
293 	-39.663383	0.006848	855.345886
294 	-38.450420	0.008803	301.886780
295 	-40.289925	0.005143	301.886780
296 	-42.523811	0.008104	50.314465
297 	-40.733902	0.007342	100.628929
298 	-42.320095	0.004572	503.144653
299 	-45.750057	0.005393	251.572327
300 	-44.685604	0.004389	201.257858
301 	-45.381435	0.005011	150.943390
302 	-47.522270	0.002583	402.515717
303 	-51.840206	0.001573	654.088074
304 	-55.471260	0.000903	1106.918213
305 	-58.478207	0.000916	1207.547119
306 	-59.067074	0.000869	1056.603760
307 	-59.246159	0.000858	1106.918213
308 	-58.180183	0.001153	805.031433
309 	-58.771900	0.000845	1710.691772
310 	-58.703407	0.000927	1257.861694
311 	-57.641258	0.000864	603.773560
312 	-55.169117	0.001799	352.201263
313 	-53.812626	0.001639	503.144653
314 	-55.189140	0.001858	150.943390
315 	-55.582600	0.001356	503.144653
316 	-53.538979	0.001573	301.886780
317 	-54.944012	0.000521	2213.836426
318 	-56.235447	0.002088	251.572327
319 	-54.327999	0.001420	503.144653
320 	-57.614918	0.000421	2817.610107
321 	-62.271549	0.000826	1207.547119
322 	-61.165157	0.000725	1559.748413
323 	-56.571331	0.001938	352.201263
324 	-56.637623	0.000669	1358.490601
325 	-63.130138	0.000408	2666.666748
326 	-60.893288	0.001073	654.088074
327 	-60.024441	0.000818	1308.176147
328 	-62.448219	0.000701	1358.490601
329 	-62.994728	0.000582	1257.861694
330 	-62.374611	0.000493	1911.949707
331 	-62.804413	0.000702	955.974854
332 	-57.057297	0.001181	704.402527
333 	-55.497456	0.001478	855.345886
334 	-59.099617	0.000710	2767.295654
335 	-60.691250	0.001061	805.031433
336 	-60.432659	0.000675	855.345886
337 	-61.542099	0.000681	1056.603760
338 	-62.413189	0.000541	2364.779785
339 	-63.926102	0.000485	1962.264160
340 	-60.781136	0.000954	1106.918213
341 	-58.772636	0.000860	704.402527
342 	-58.241261	0.000781	1408.805054
343 	-59.882648	0.000620	1408.805054
344 	-58.789368	0.001023	704.402527
345 	-59.306458	0.000644	2666.666748
346 	-64.070221	0.000614	1509.433960
347 	-61.546524	0.000886	754.716980
348 	-58.911484	0.000800	1308.176147
349 	-60.149681	0.000386	2767.295654
350 	-61.707142	0.000801	2012.578613
351 	-59.332703	0.000848	2566.037842
352 	-59.295914	0.000853	2264.150879
353 	-58.325745	0.000994	1710.691772
354 	-58.054588	0.000793	2113.207520
355 	-59.655869	0.000868	1559.748413
356 	-61.762947	0.000624	2113.207520
357 	-58.214348	0.000947	1660.377319
358 	-57.478413	0.000677	1811.320801
359 	-60.474628	0.000668	1308.176147
360 	-62.686596	0.000496	2616.352295
361 	-63.697430	0.000554	2616.352295
362 	-61.738731	0.000719	1660.377319
363 	-58.179916	0.001010	1106.918213
364 	-58.217125	0.000784	1610.062866
365 	-60.228355	0.000756	1207.547119
366 	-56.896244	0.001242	251.572327
367 	-55.969746	0.001106	1006.289307
368 	-58.517494	0.000705	1308.176147
369 	-60.122993	0.000782	1610.062866
370 	-60.926903	0.000592	1157.232666
371 	-60.278717	0.001349	452.830200
372 	-60.881031	0.000578	1660.377319
373 	-62.908939	0.000697	955.974854
374 	-62.004780	0.000660	1811.320801
375 	-63.783886	0.000418	2314.465332
376 	-66.144356	0.000356	3522.012695
377 	-65.636147	0.000479	2314.465332
378 	-63.587162	0.000470	2515.723389
379 	-62.704094	0.000615	1408.805054
380 	-61.760353	0.000694	1358.490601
381 	-33.415813	0.019468	1006.289307
382 	-22.809942	0.082892	503.144653
383 	-18.578135	0.105514	201.257858
384 	-17.250586	0.115757	301.886780
385 	-18.647610	0.082276	955.974854
386 	-21.150936	0.100503	654.088074
387 	-21.032179	0.105318	754.716980
388 	-21.041611	0.086375	754.716980
389 	-20.343225	0.100797	754.716980
390 	-17.958105	0.115226	603.773560
391 	-15.565070	0.123151	704.402527
392 	-13.385435	0.143089	553.459106
393 	-13.203214	0.112196	603.773560
394 	-14.812882	0.082054	704.402527
395 	-17.347073	0.055162	704.402527
396 	-21.625786	0.051667	553.459106
397 	-24.174776	0.047636	553.459106
398 	-25.068039	0.051289	402.515717
399 	-24.672802	0.056880	503.144653
400 	-24.396137	0.064909	452.830200
401 	-22.197910	0.074314	452.830200
402 	-18.382576	0.079807	352.201263
403 	-16.889139	0.084389	301.886780
404 	-15.452620	0.106793	402.515717
405 	-14.749412	0.114109	352.201263
406 	-15.053808	0.135674	301.886780
407 	-15.092470	0.154633	301.886780
408 	-15.968982	0.164963	503.144653
409 	-16.716143	0.160648	553.459106
410 	-14.066154	0.181002	402.515717
411 	-12.003674	0.231503	452.830200
412 	-11.636747	0.237185	301.886780
413 	-10.582063	0.289977	100.628929
414 	-9.547839	0.248556	251.572327
415 	-9.870261	0.277238	100.628929
416 	-10.804893	0.247769	201.257858
417 	-11.982994	0.190980	100.628929
418 	-13.315274	0.185735	201.257858
419 	-15.083048	0.129034	150.943390
420 	-16.389601	0.136700	201.257858
421 	-16.700726	0.106710	251.572327
422 	-18.254963	0.086095	452.830200
423 	-20.298300	0.078659	100.628929
424 	-21.269247	0.073362	553.459106
425 	-18.416672	0.125691	301.886780
426 	-15.444370	0.158486	352.201263
427 	-13.758332	0.195827	201.257858
428 	-13.655604	0.170540	201.257858
429 	-16.031549	0.099425	503.144653
430 	-19.269829	0.094542	704.402527
431 	-18.557367	0.135658	301.886780
432 	-17.433691	0.135842	301.886780
433 	-18.235750	0.084230	251.572327
434 	-20.830711	0.061992	704.402527
435 	-21.396355	0.076409	452.830200
436 	-18.411312	0.111270	100.628929
437 	-17.138718	0.079446	402.515717
438 	-18.118259	0.068183	352.201263
439 	-17.144432	0.084715	301.886780
440 	-15.146670	0.098508	251.572327
441 	-15.616984	0.082312	201.257858
442 	-17.716309	0.060270	352.201263
443 	-18.445635	0.076001	352.201263
444 	-18.470057	0.072890	654.088074
445 	-19.406401	0.072441	553.459106
446 	-18.255123	0.119184	201.257858
447 	-15.710386	0.162618	352.201263
448 	-15.365925	0.168087	301.886780
449 	-14.650962	0.195109	352.201263
450 	-11.867667	0.213632	452.830200
451 	-10.387217	0.294709	352.201263
452 	-9.673933	0.276294	452.830200
453 	-8.700366	0.352683	402.515717
454 	-7.764205	0.345019	402.515717
455 	-7.685693	0.371831	352.201263
456 	-7.981630	0.370303	352.201263
457 	-7.656950	0.344684	402.515717
458 	-7.397187	0.377115	402.515717
459 	-7.400981	0.383267	352.201263
460 	-7.477043	0.396585	201.257858
461 	-7.710443	0.315893	201.257858
462 	-8.775802	0.267824	251.572327
463 	-10.873265	0.212722	201.257858
464 	-13.354884	0.133985	553.459106
465 	-15.863132	0.138373	201.257858
466 	-16.219448	0.141376	251.572327
467 	-15.082875	0.158510	201.257858
468 	-14.977558	0.149239	402.515717
469 	-16.047739	0.112722	754.716980
470 	-17.288113	0.121631	553.459106
471 	-17.252514	0.159193	402.515717
472 	-16.504688	0.166082	503.144653
473 	-16.947603	0.135886	503.144653
474 	-18.995726	0.094879	704.402527
475 	-20.054070	0.085771	805.031433
476 	-18.114992	0.131333	452.830200
477 	-17.311455	0.103927	503.144653
478 	-18.062859	0.087618	603.773560
479 	-18.534843	0.082063	452.830200
480 	-20.622028	0.053690	603.773560
481 	-21.528418	0.080646	301.886780
482 	-20.723488	0.070256	201.257858
483 	-23.042973	0.053106	503.144653
484 	-21.895472	0.087781	201.257858
485 	-19.696232	0.091756	251.572327
486 	-17.246716	0.097304	553.459106
487 	-16.106131	0.120698	452.830200
488 	-17.314079	0.128068	654.088074
489 	-18.965857	0.096336	754.716980
490 	-16.617025	0.131906	805.031433
491 	-15.381938	0.138264	905.660400
492 	-15.744514	0.121238	553.459106
493 	-15.337170	0.124901	754.716980
494 	-16.913691	0.104915	402.515717
495 	-18.824377	0.106540	402.515717
496 	-18.062355	0.085215	201.257858
497 	-20.212847	0.092042	150.943390
498 	-21.275438	0.074439	301.886780
499 	-21.375263	0.056360	301.886780
500 	-24.434708	0.059063	150.943390
501 	-24.511063	0.044284	301.886780
502 	-25.886536	0.024109	402.515717
503 	-27.910517	0.043738	150.943390
504 	-26.580389	0.037360	402.515717
505 	-27.325893	0.028709	301.886780
506 	-25.200512	0.048697	201.257858
507 	-25.942711	0.029503	452.830200
508 	-28.284029	0.045311	301.886780
509 	-24.141329	0.054568	201.257858
510 	-23.190784	0.058595	150.943390
511 	-23.575907	0.048878	100.628929
512 	-25.462173	0.048679	50.314465
513 	-27.774157	0.029235	301.886780
514 	-28.088943	0.030573	100.628929
515 	-31.553930	0.013342	503.144653
516 	-37.075722	0.009369	452.830200
517 	-38.809452	0.011876	100.628929
518 	-36.080433	0.012444	100.628929
519 	-36.875858	0.006030	251.572327
520 	-39.937923	0.013467	100.628929
521 	-38.071575	0.008117	100.628929
522 	-40.598621	0.005902	150.943390
523 	-44.781918	0.004967	301.886780
524 	-43.210342	0.004998	251.572327
525 	-44.042938	0.002782	603.773560
526 	-49.182011	0.003074	301.886780
527 	-51.027832	0.001728	402.515717
528 	-48.748074	0.004332	201.257858
529 	-47.692707	0.002641	251.572327
530 	-50.809395	0.002165	402.515717
531 	-47.640461	0.003739	100.628929
532 	-47.013138	0.003001	251.572327
533 	-49.023682	0.003237	201.257858
534 	-49.187908	0.002890	503.144653
535 	-51.046223	0.001890	452.830200
536 	-54.651218	0.001340	402.515717
537 	-56.663025	0.000916	1056.603760
538 	-57.723328	0.001127	805.031433
539 	-58.624146	0.000792	754.716980
540 	-58.933430	0.001204	855.345886
541 	-59.480129	0.000668	1459.119507
542 	-58.031231	0.001554	150.943390
543 	-58.586246	0.000657	1861.635254
544 	-60.999084	0.000961	1056.603760
545 	-60.299889	0.000694	1509.433960
546 	-59.873207	0.000779	1610.062866
547 	-59.463062	0.000733	905.660400
548 	-61.130905	0.000660	1559.748413
549 	-60.593964	0.001056	452.830200
550 	-61.091850	0.000622	1509.433960
551 	-61.800026	0.000790	905.660400
552 	-60.326458	0.000856	1106.918213
553 	-61.459286	0.000767	1710.691772
554 	-63.032120	0.000644	1962.264160
555 	-63.210861	0.000492	2163.521973
556 	-64.208443	0.000552	2465.408691
557 	-59.157990	0.000986	805.031433
558 	-59.353077	0.000557	2062.893066
559 	-64.731300	0.000643	1610.062866
560 	-62.754055	0.000663	1660.377319
561 	-60.634331	0.000871	1660.377319
562 	-59.083485	0.000912	1006.289307
563 	-56.527821	0.001279	1408.805054
564 	-56.795322	0.001039	955.974854
565 	-54.795677	0.001476	704.402527
566 	-53.853043	0.001489	452.830200
567 	-57.585484	0.000764	1559.748413
568 	-61.553314	0.000777	1358.490601
569 	-57.356686	0.001497	754.716980
570 	-54.251637	0.001908	50.314465
571 	-55.178280	0.001684	654.088074
572 	-59.797966	0.000760	1610.062866
573 	-63.176483	0.000503	2213.836426
574 	-60.628132	0.000824	1308.176147
575 	-60.069862	0.000939	1408.805054
576 	-60.869053	0.001107	704.402527
577 	-60.593933	0.000891	805.031433
578 	-62.547699	0.000516	2062.893066
579 	-62.360851	0.000670	1459.119507
580 	-62.479816	0.000670	1207.547119
581 	-65.553497	0.000467	2666.666748
582 	-60.499981	0.001023	805.031433
583 	-59.806194	0.000710	1408.805054
584 	-61.339680	0.000936	1257.861694
585 	-60.079575	0.000726	1056.603760
586 	-57.807465	0.001267	1358.490601
587 	-58.502831	0.000644	1911.949707
588 	-60.039768	0.000898	905.660400
589 	-60.236568	0.000672	1660.377319
590 	-58.980572	0.001196	1358.490601
591 	-39.393509	0.010900	3320.754639
592 	-36.221359	0.012724	1257.861694
593 	-34.753418	0.026328	553.459106
594 	-27.630692	0.047960	402.515717
595 	-23.053026	0.085339	251.572327
596 	-20.403196	0.100987	452.830200
597 	-18.912289	0.103193	402.515717
598 	-18.439344	0.090945	402.515717
599 	-19.838522	0.065526	352.201263
600 	-22.698158	0.068056	150.943390
601 	-23.916912	0.054095	402.515717
602 	-25.749178	0.042081	201.257858
603 	-28.908884	0.041738	201.257858
604 	-29.250584	0.043554	301.886780
605 	-29.072725	0.037508	402.515717
606 	-29.285307	0.041331	452.830200
607 	-24.961124	0.082378	201.257858
608 	-21.655876	0.104332	352.201263
609 	-21.757193	0.095161	301.886780
610 	-23.866398	0.077482	754.716980
611 	-24.017282	0.079025	805.031433
612 	-22.906126	0.082365	704.402527
613 	-22.385578	0.086704	1106.918213
614 	-22.352478	0.084354	1106.918213
615 	-21.657314	0.083597	1006.289307
616 	-20.267838	0.086513	503.144653
617 	-20.213923	0.071253	402.515717
618 	-21.650347	0.041758	905.660400
619 	-24.248198	0.039218	855.345886
620 	-27.661800	0.035583	905.660400
621 	-27.720978	0.042224	2314.465332
622 	-26.923393	0.043322	2213.836426
623 	-27.038729	0.039258	2716.981201
624 	-25.538351	0.041983	2716.981201
625 	-25.111530	0.046475	2767.295654
626 	-25.336882	0.051908	2314.465332
627 	-25.973515	0.037835	2314.465332
628 	-28.936827	0.021675	2515.723389
629 	-31.443600	0.016642	2163.521973
630 	-32.478756	0.024133	1660.377319
631 	-19.211216	0.113300	603.773560
632 	-15.188755	0.165223	452.830200
633 	-13.701425	0.191576	553.459106
634 	-12.970031	0.211033	503.144653
635 	-13.070590	0.219491	452.830200
636 	-12.913732	0.206495	503.144653
637 	-11.761250	0.207063	503.144653
638 	-10.616828	0.277534	452.830200
639 	-10.230058	0.305833	553.459106
640 	-9.653999	0.297183	503.144653
641 	-8.507401	0.290468	553.459106
642 	-9.911096	0.239841	553.459106
643 	-12.201957	0.187053	754.716980
644 	-13.149979	0.143768	754.716980
645 	-16.933523	0.113225	603.773560
646 	-19.220415	0.064308	603.773560
647 	-21.651445	0.073489	352.201263
648 	-20.554945	0.075638	452.830200
649 	-21.682943	0.052278	352.201263
650 	-24.401749	0.052876	603.773560
651 	-25.073902	0.041688	452.830200
652 	-26.789942	0.031557	503.144653
653 	-28.300280	0.033552	352.201263
654 	-29.176708	0.025671	603.773560
655 	-29.294016	0.026653	352.201263
656 	-29.261974	0.025461	301.886780
657 	-29.721222	0.025489	553.459106
658 	-30.432848	0.021148	201.257858
659 	-31.955202	0.021526	352.201263
660 	-32.594193	0.020325	201.257858
661 	-33.024784	0.021674	201.257858
662 	-34.183704	0.015396	251.572327
663 	-35.323395	0.016305	100.628929
664 	-35.348755	0.014201	201.257858
665 	-36.437695	0.011827	150.943390
666 	-37.165192	0.013627	100.628929
667 	-36.866688	0.011146	251.572327
668 	-37.901463	0.011633	100.628929
669 	-36.314125	0.014679	352.201263
670 	-35.645660	0.011578	352.201263
671 	-24.379679	0.099394	452.830200
672 	-20.268888	0.113431	301.886780
673 	-17.848829	0.116298	452.830200
674 	-15.916317	0.127357	402.515717
675 	-15.156230	0.105940	402.515717
676 	-16.671120	0.066785	553.459106
677 	-21.318140	0.050350	301.886780
678 	-26.175076	0.049408	301.886780
679 	-25.657593	0.047651	352.201263
680 	-26.209465	0.038595	301.886780
681 	-27.713589	0.038199	1006.289307
682 	-28.304653	0.027720	1459.119507
683 	-30.645403	0.019119	2113.207520
684 	-32.537453	0.018900	1610.062866
685 	-33.433147	0.020837	1408.805054
686 	-33.733795	0.016200	1811.320801
687 	-33.219032	0.021845	553.459106
688 	-25.885637	0.039047	704.402527
689 	-20.564236	0.085330	553.459106
690 	-18.090961	0.104332	704.402527
691 	-17.501278	0.108368	654.088074
692 	-17.587809	0.117966	402.515717
693 	-18.109013	0.127159	503.144653
694 	-19.319141	0.133085	654.088074
695 	-19.331318	0.135937	805.031433
696 	-17.151306	0.138448	452.830200
697 	-15.232332	0.152192	452.830200
698 	-14.873738	0.141517	503.144653
699 	-16.103413	0.103501	352.201263
700 	-18.543962	0.079433	251.572327
701 	-21.904913	0.050004	452.830200
702 	-24.389301	0.055429	603.773560
703 	-24.489279	0.048854	1257.861694
704 	-25.328646	0.043624	704.402527
705 	-27.096231	0.034737	503.144653
706 	-29.053471	0.025947	754.716980
707 	-31.145721	0.019742	553.459106
708 	-32.992340	0.017761	704.402527
709 	-35.032932	0.013037	1006.289307
710 	-37.030907	0.009296	1106.918213
711 	-40.120956	0.006880	1157.232666
712 	-38.857307	0.008811	1257.861694
713 	-38.529663	0.008526	805.031433
714 	-27.625706	0.060527	553.459106
715 	-24.653582	0.066780	503.144653
716 	-24.549156	0.067660	402.515717
717 	-24.763849	0.083441	503.144653
718 	-23.309383	0.100865	654.088074
719 	-18.366848	0.134855	553.459106
720 	-14.711429	0.139472	553.459106
721 	-12.990621	0.133513	452.830200
722 	-13.492508	0.133733	251.572327
723 	-16.116343	0.109552	301.886780
724 	-19.680906	0.067886	301.886780
725 	-24.147089	0.033250	1257.861694
726 	-27.258520	0.040334	704.402527
727 	-27.267004	0.034071	553.459106
728 	-27.010590	0.040624	301.886780
729 	-26.501482	0.041746	201.257858
730 	-27.001925	0.028431	654.088074
731 	-28.741219	0.021410	503.144653
732 	-32.211296	0.012181	251.572327
733 	-35.301834	0.013348	201.257858
734 	-34.688549	0.012227	251.572327
735 	-35.865929	0.012103	100.628929
736 	-36.002407	0.015083	603.773560
737 	-36.394238	0.009594	1006.289307
738 	-36.383060	0.023378	352.201263
739 	-29.961563	0.038350	503.144653
740 	-28.452606	0.043618	251.572327
741 	-28.674559	0.035374	352.201263
742 	-27.066122	0.067027	402.515717
743 	-19.218821	0.114366	503.144653
744 	-19.495657	0.038472	402.515717
745 	-24.476196	0.070775	301.886780
746 	-21.672848	0.078854	553.459106
747 	-20.249245	0.087682	503.144653
748 	-19.017786	0.083531	503.144653
749 	-19.034571	0.075931	452.830200
750 	-20.642954	0.055493	402.515717
751 	-22.946791	0.046898	352.201263
752 	-24.453468	0.045335	503.144653
753 	-26.454430	0.037031	553.459106
754 	-28.515663	0.030899	503.144653
755 	-29.117563	0.026364	603.773560
756 	-30.137960	0.020832	402.515717
757 	-29.839613	0.021910	301.886780
758 	-30.487087	0.021167	301.886780
759 	-31.018972	0.021294	201.257858
760 	-29.479485	0.028281	201.257858
761 	-29.695992	0.026956	100.628929
762 	-32.566734	0.014194	301.886780
763 	-37.985565	0.007105	251.572327
764 	-42.320839	0.006924	301.886780
765 	-43.011326	0.005707	352.201263
766 	-41.446339	0.008389	201.257858
767 	-40.862423	0.006761	503.144653
768 	-44.806957	0.003618	352.201263
769 	-46.531109	0.005110	100.628929
770 	-44.455513	0.004914	402.515717
771 	-46.245243	0.001921	754.716980
772 	-48.439678	0.002810	503.144653
773 	-49.495670	0.002026	603.773560
774 	-54.207321	0.002048	855.345886
775 	-50.118984	0.003325	201.257858
776 	-50.651661	0.001300	553.459106
777 	-56.686844	0.001370	1006.289307
778 	-57.207844	0.001046	503.144653
779 	-58.003174	0.001275	1459.119507
780 	-55.440994	0.002158	251.572327
781 	-55.160114	0.001471	553.459106
782 	-56.911652	0.001095	553.459106
783 	-59.659344	0.001036	1157.232666
784 	-56.095337	0.001684	301.886780
785 	-54.887589	0.001302	704.402527
786 	-56.967606	0.001328	654.088074
787 	-57.733891	0.001225	251.572327
788 	-58.703407	0.001204	654.088074
789 	-60.964161	0.000519	1761.006348
790 	-62.235828	0.000788	1308.176147
791 	-63.092945	0.000438	2465.408691
792 	-65.171738	0.000475	1911.949707
793 	-60.923153	0.000807	1207.547119
794 	-61.404617	0.000565	1459.119507
795 	-63.281559	0.000796	452.830200
796 	-59.329948	0.000841	654.088074
