-59.474556
-61.570347
-61.406082
-61.305977
-63.069981
-63.849621
-59.030342
-63.819546
-63.407261
-61.816532
-53.298183
-51.874508
-56.582066
-57.844673
-60.419285
-59.710835
-60.131599
-57.946964
-61.028114
-61.967655
-61.048695
-59.907673
-60.448677
-57.824146
-60.993912
-60.807449
-61.940182
-62.308189
-61.225288
-60.879654
-61.317772
-61.533737
-63.992023
-60.732086
-62.649242
-65.109901
-63.094860
-63.020390
-62.700016
-65.223282
-64.334518
-60.454060
-63.888496
-65.404144
-61.669270
-59.193539
-58.826984
-57.558811
-41.855293
-38.047760
-35.655739
-42.571640
-39.682583
-39.161568
-37.186451
-37.055389
-35.482773
-39.811119
-33.258114
-16.179399
-13.462960
-11.431618
-9.783387
-10.536288
-10.893517
-9.173270
-8.533672
-9.632043
-10.624753
-12.586455
-14.601569
-15.228309
-14.732272
-15.349261
-15.129953
-15.816249
-15.691892
-17.253670
-19.868607
-19.142838
-19.622061
-19.191118
-19.906124
-17.103029
-16.675035
-18.756716
-24.606462
-24.952097
-27.390005
-28.572283
-27.283207
-32.020325
-32.390476
-34.418728
-36.663834
-35.146294
-34.904808
-33.727413
-17.122005
-12.743718
-11.838814
-11.707148
-12.187896
-13.272092
-12.803576
-11.750983
-12.108345
-11.391041
-10.672761
-10.121284
-10.684240
-12.331262
-14.476779
-18.399050
-22.252272
-23.581770
-22.785275
-24.157991
-23.306076
-24.323294
-21.385120
-18.111908
-16.966923
-17.643293
-19.120964
-21.176722
-19.740801
-19.590363
-19.914951
-20.638929
-16.840946
-16.166245
-16.155468
-15.877115
-15.041826
-15.265658
-15.476657
-13.851467
-14.431683
-14.156243
-14.897956
-16.145742
-17.729155
-20.367420
-23.407238
-25.163551
-22.990831
-24.437460
-20.985401
-18.226498
-15.363360
-15.777266
-16.015118
-16.843231
-19.402395
-17.781025
-20.644836
-20.391308
-23.728502
-23.696121
-25.022547
-25.877424
-28.444553
-27.144297
-31.344442
-28.794241
-36.266960
-35.872162
-38.559322
-38.476036
-38.110050
-38.047585
-38.927711
-43.806580
-41.735203
-43.599564
-40.011475
-44.409924
-42.522751
-46.862637
-43.504215
-51.925861
-46.661945
-48.566196
-49.919971
-49.796864
-52.572803
-53.797867
-55.173519
-54.078709
-45.875031
-32.358280
-26.847006
-19.231007
-17.843275
-18.176327
-23.687147
-20.303434
-17.899569
-15.866550
-14.986987
-15.856509
-15.556614
-17.545200
-14.980472
-17.536610
-18.834906
-18.820137
-19.543694
-19.707169
-22.594791
-21.255945
-23.086693
-23.464626
-24.120733
-27.757725
-26.903618
-27.749529
-30.792395
-29.749771
-19.979465
-18.538084
-18.299717
-15.270894
-17.412149
-20.031132
-19.851030
-21.578856
-19.665133
-18.631393
-20.244148
-17.665249
-18.654890
-17.437075
-16.703737
-16.784058
-18.919260
-20.997620
-23.350191
-26.727270
-26.047838
-18.333239
-19.168671
-17.795918
-17.901361
-14.827687
-14.562821
-14.800600
-16.298132
-16.123175
-16.360415
-15.056443
-18.685789
-21.958475
-21.999842
-20.582993
-23.527279
-24.667599
-20.940584
-26.281771
-23.720383
-27.582415
-29.060518
-25.315220
-24.756985
-20.804098
-20.920200
-19.857582
-19.132401
-19.345539
-20.353533
-20.577885
-21.721794
-20.374046
-18.515587
-18.809185
-20.354259
-19.205900
-19.506790
-22.947216
-25.799232
-25.042601
-26.318481
-25.751055
-29.326818
-24.947767
-25.600267
-27.399813
-29.666897
-28.943253
-36.630043
-32.955807
-38.035206
-41.054760
-39.031834
-44.067879
-41.119232
-41.036091
-45.455898
-44.158245
-46.119175
-45.344749
-50.393070
-54.742897
-59.200619
-58.824013
-59.547031
-59.705162
-57.318844
-59.220959
-58.647472
-59.685764
-53.696758
-54.611435
-53.634491
-56.329132
-54.087952
-63.563774
-52.616638
-55.681145
-65.385323
-60.271969
-60.493561
-53.432289
-62.055470
-65.906204
-58.411938
-60.128056
-61.544079
-63.138226
-64.159302
-61.706104
-57.093971
-55.010696
-60.060246
-57.863369
-61.874882
-61.852207
-63.052792
-64.252174
-58.895287
-60.088558
-60.575497
-62.379131
-58.496101
-61.000336
-62.513981
-59.707027
-60.191101
-66.343628
-59.896503
-59.309994
-59.652687
-58.543129
-59.941113
-59.501179
-62.558678
-58.555912
-61.346527
-61.851662
-64.010445
-63.014111
-60.914867
-58.026775
-60.117344
-61.174503
-56.885265
-57.257366
-61.460197
-60.647934
-63.118382
-56.483326
-62.645058
-61.738087
-61.977131
-65.736618
-66.294350
-64.464272
-64.140305
-62.444412
-61.353012
-30.818806
-19.374472
-18.416801
-16.862633
-19.003616
-17.822817
-17.280636
-19.700842
-17.467417
-16.366423
-15.763467
-14.260194
-16.477903
-18.371889
-22.574287
-23.704346
-24.332045
-24.245892
-23.212645
-22.136780
-20.992462
-19.194141
-19.268627
-16.998375
-17.017563
-15.732215
-14.708971
-13.992105
-14.555974
-13.208171
-11.311840
-11.353489
-9.694865
-10.807005
-10.333198
-11.030679
-13.349457
-13.874896
-16.523485
-16.302183
-18.335234
-20.101353
-21.187551
-20.590143
-16.464035
-14.648143
-13.097293
-14.021121
-17.056524
-17.815821
-16.512119
-15.561040
-19.578409
-21.674271
-19.980980
-17.450512
-19.659498
-21.497341
-18.527187
-17.503832
-19.371914
-21.150227
-19.874086
-19.799261
-20.529066
-17.081116
-14.696508
-14.107941
-12.907562
-11.850417
-9.184735
-9.490972
-7.539731
-7.770195
-7.358836
-7.299639
-7.576363
-6.977479
-6.976553
-6.919117
-8.725159
-10.030848
-12.223077
-15.383284
-15.930867
-15.434261
-14.159503
-14.798953
-15.723534
-15.897231
-14.234973
-13.810933
-14.791407
-17.815424
-19.193167
-16.089422
-17.764532
-19.401159
-19.432722
-23.310448
-19.822851
-21.085844
-23.066578
-19.335548
-19.194771
-17.746702
-16.030643
-16.022268
-18.582224
-15.643636
-15.639582
-16.678638
-16.289927
-17.502029
-17.979319
-19.955549
-19.288578
-21.160130
-23.773500
-23.454765
-25.580873
-30.552345
-25.888981
-27.152193
-29.225714
-24.917843
-27.244158
-25.387463
-23.629251
-23.566626
-25.031120
-24.719267
-29.129400
-29.060450
-34.801579
-38.904697
-36.790951
-36.448761
-42.849617
-36.484367
-40.180931
-42.670067
-44.527458
-44.198341
-49.190277
-48.249504
-53.256386
-46.057953
-49.960571
-51.884048
-47.349960
-49.403622
-48.615040
-49.220497
-53.289532
-56.110359
-59.133427
-57.297016
-60.613647
-56.920662
-61.563564
-55.285290
-61.193527
-58.859814
-61.178780
-60.192898
-61.216583
-61.656998
-58.479183
-62.375984
-60.587982
-59.961334
-59.894283
-61.575756
-64.330879
-62.743778
-58.427311
-62.633636
-61.741749
-61.155827
-59.622780
-59.143127
-56.156719
-58.152245
-55.112621
-55.465866
-60.593948
-59.983414
-54.926945
-53.734032
-53.892307
-60.362995
-64.205658
-60.185741
-58.478580
-57.748169
-59.673134
-63.767532
-61.862129
-61.578262
-64.726189
-58.319199
-61.182030
-58.752850
-61.028145
-55.607834
-61.725582
-59.562092
-61.572453
-56.423103
-36.064404
-35.836567
-27.783478
-24.608255
-19.210560
-17.890942
-17.924274
-18.857779
-22.440008
-21.662336
-22.982712
-25.768316
-25.617510
-25.357618
-27.097115
-25.126665
-19.930241
-17.931187
-18.320606
-19.646223
-19.747417
-19.832638
-18.923761
-18.617506
-17.654099
-17.832056
-20.511303
-24.766737
-26.708620
-27.347450
-25.320370
-25.451384
-26.363789
-25.392202
-24.539183
-24.027153
-26.524551
-31.088942
-33.787567
-29.737257
-17.001369
-14.374260
-12.828317
-11.976669
-11.697847
-12.317102
-12.133854
-9.953788
-8.911803
-9.228721
-9.452009
-10.836952
-12.376069
-14.492853
-16.836140
-21.813452
-21.641199
-20.750061
-24.440500
-23.583479
-25.801542
-28.301733
-27.632219
-29.674082
-29.923498
-30.576391
-29.865486
-31.815611
-31.542065
-32.740501
-31.870277
-35.202709
-35.055443
-35.807316
-37.201637
-36.385983
-37.620117
-37.577438
-35.007286
-37.248901
-17.424620
-16.528439
-15.822741
-15.355388
-16.498989
-21.433886
-24.784754
-24.769426
-25.089344
-27.138075
-27.040142
-29.769485
-32.543377
-32.949543
-32.175976
-34.066528
-31.925987
-25.876888
-19.389570
-17.639772
-17.409672
-16.939970
-16.274012
-15.644602
-15.322359
-15.296983
-14.891541
-15.670797
-18.407820
-20.873304
-24.472233
-23.615910
-24.566288
-25.757666
-27.555447
-29.774176
-32.780266
-33.331627
-36.058609
-38.751961
-41.539665
-38.736801
-39.741837
-21.572304
-21.349834
-21.814367
-19.343428
-17.177946
-15.195097
-14.939655
-15.111404
-16.057940
-17.927813
-22.446341
-27.612677
-26.418230
-27.220530
-25.832802
-26.337334
-29.143364
-31.406073
-36.743416
-36.217896
-36.299591
-37.422112
-34.782089
-38.371376
-28.465801
-26.283993
-24.354462
-26.405354
-20.316460
-17.246672
-26.428183
-21.451847
-19.880150
-19.226381
-19.903158
-20.714371
-22.973572
-24.526463
-24.368200
-25.671112
-28.811453
-28.930340
-31.411366
-31.613586
-31.724669
-31.871826
-29.550186
-30.796869
-35.546650
-41.471745
-41.818108
-43.568035
-40.337547
-41.811684
-47.790707
-44.865051
-44.077240
-51.877350
-48.810371
-52.320408
-51.632153
-48.534756
-56.335758
-55.984516
-58.390995
-55.406754
-52.327175
-55.311466
-57.951775
-57.837894
-54.406239
-56.334400
-56.303371
-56.814537
-57.276024
-63.809872
-60.329784
-65.031410
-64.693810
-60.442848
-62.986267
-60.924835
-59.601509
