0.000848
0.000657
0.000680
0.000701
0.000559
0.000505
0.000890
0.000536
0.000555
0.000647
0.001489
0.001798
0.001149
0.001036
0.000732
0.000840
0.000805
0.001088
0.000736
0.000633
0.000731
0.000830
0.000752
0.001059
0.000726
0.000741
0.000630
0.000611
0.000729
0.000746
0.000686
0.000667
0.000496
0.000782
0.000577
0.000443
0.000554
0.000580
0.000607
0.000445
0.000486
0.000783
0.000488
0.000435
0.000704
0.000934
0.000928
0.001035
0.005750
0.010411
0.012816
0.005533
0.007718
0.008933
0.011029
0.011179
0.012999
0.008209
0.015594
0.115847
0.160239
0.212651
0.266540
0.239440
0.239687
0.292168
0.292602
0.240501
0.234322
0.184044
0.145704
0.141644
0.144859
0.144322
0.147303
0.134685
0.135889
0.118678
0.084465
0.087365
0.083863
0.085524
0.077938
0.101236
0.121123
0.099738
0.047787
0.046958
0.034276
0.029931
0.035422
0.020404
0.018677
0.014704
0.012806
0.013646
0.014648
0.015922
0.092904
0.183604
0.217552
0.215605
0.199896
0.177411
0.182614
0.217005
0.213647
0.236769
0.251136
0.260920
0.245735
0.206215
0.158576
0.097738
0.059376
0.057308
0.061702
0.048508
0.053831
0.046625
0.065079
0.086168
0.114756
0.111266
0.090515
0.068259
0.076887
0.084439
0.075621
0.067134
0.100064
0.108437
0.110480
0.118199
0.133430
0.128596
0.121991
0.150942
0.138637
0.144929
0.134804
0.123266
0.105175
0.077263
0.053309
0.044104
0.054896
0.049095
0.071631
0.088739
0.125199
0.127899
0.134109
0.113433
0.081501
0.093160
0.072517
0.078863
0.053058
0.051310
0.043244
0.040955
0.031821
0.034808
0.021056
0.029782
0.011916
0.014078
0.009732
0.009334
0.010435
0.009700
0.009017
0.005701
0.006909
0.004956
0.008759
0.004671
0.006545
0.003618
0.005659
0.002130
0.003809
0.003209
0.002617
0.002714
0.001789
0.001693
0.001374
0.001290
0.003827
0.016699
0.036614
0.094948
0.112606
0.102053
0.051711
0.081681
0.102101
0.134211
0.146806
0.129815
0.129550
0.104703
0.146444
0.101716
0.097651
0.093562
0.088058
0.075775
0.056512
0.076109
0.056686
0.057542
0.055104
0.034896
0.036756
0.036276
0.024788
0.029344
0.074030
0.087178
0.088051
0.140224
0.111646
0.084254
0.088627
0.066729
0.088634
0.096971
0.079658
0.113099
0.098102
0.109545
0.115629
0.114876
0.091447
0.075531
0.054432
0.039676
0.036732
0.105489
0.093506
0.103856
0.104805
0.142683
0.151830
0.144813
0.121311
0.121110
0.117944
0.126124
0.096673
0.068212
0.065636
0.078945
0.053876
0.049294
0.075413
0.041035
0.055061
0.033239
0.029201
0.046284
0.048483
0.076907
0.072027
0.080802
0.095190
0.088145
0.082384
0.079465
0.068306
0.078706
0.098013
0.094686
0.081965
0.094404
0.088775
0.052684
0.039572
0.044499
0.039721
0.040902
0.031252
0.049129
0.040000
0.039377
0.028189
0.032482
0.013016
0.017807
0.010047
0.006848
0.008803
0.005143
0.008104
0.007342
0.004572
0.005393
0.004389
0.005011
0.002583
0.001573
0.000903
0.000916
0.000869
0.000858
0.001153
0.000845
0.000927
0.000864
0.001799
0.001639
0.001858
0.001356
0.001573
0.000521
0.002088
0.001420
0.000421
0.000826
0.000725
0.001938
0.000669
0.000408
0.001073
0.000818
0.000701
0.000582
0.000493
0.000702
0.001181
0.001478
0.000710
0.001061
0.000675
0.000681
0.000541
0.000485
0.000954
0.000860
0.000781
0.000620
0.001023
0.000644
0.000614
0.000886
0.000800
0.000386
0.000801
0.000848
0.000853
0.000994
0.000793
0.000868
0.000624
0.000947
0.000677
0.000668
0.000496
0.000554
0.000719
0.001010
0.000784
0.000756
0.001242
0.001106
0.000705
0.000782
0.000592
0.001349
0.000578
0.000697
0.000660
0.000418
0.000356
0.000479
0.000470
0.000615
0.000694
0.019468
0.082892
0.105514
0.115757
0.082276
0.100503
0.105318
0.086375
0.100797
0.115226
0.123151
0.143089
0.112196
0.082054
0.055162
0.051667
0.047636
0.051289
0.056880
0.064909
0.074314
0.079807
0.084389
0.106793
0.114109
0.135674
0.154633
0.164963
0.160648
0.181002
0.231503
0.237185
0.289977
0.248556
0.277238
0.247769
0.190980
0.185735
0.129034
0.136700
0.106710
0.086095
0.078659
0.073362
0.125691
0.158486
0.195827
0.170540
0.099425
0.094542
0.135658
0.135842
0.084230
0.061992
0.076409
0.111270
0.079446
0.068183
0.084715
0.098508
0.082312
0.060270
0.076001
0.072890
0.072441
0.119184
0.162618
0.168087
0.195109
0.213632
0.294709
0.276294
0.352683
0.345019
0.371831
0.370303
0.344684
0.377115
0.383267
0.396585
0.315893
0.267824
0.212722
0.133985
0.138373
0.141376
0.158510
0.149239
0.112722
0.121631
0.159193
0.166082
0.135886
0.094879
0.085771
0.131333
0.103927
0.087618
0.082063
0.053690
0.080646
0.070256
0.053106
0.087781
0.091756
0.097304
0.120698
0.128068
0.096336
0.131906
0.138264
0.121238
0.124901
0.104915
0.106540
0.085215
0.092042
0.074439
0.056360
0.059063
0.044284
0.024109
0.043738
0.037360
0.028709
0.048697
0.029503
0.045311
0.054568
0.058595
0.048878
0.048679
0.029235
0.030573
0.013342
0.009369
0.011876
0.012444
0.006030
0.013467
0.008117
0.005902
0.004967
0.004998
0.002782
0.003074
0.001728
0.004332
0.002641
0.002165
0.003739
0.003001
0.003237
0.002890
0.001890
0.001340
0.000916
0.001127
0.000792
0.001204
0.000668
0.001554
0.000657
0.000961
0.000694
0.000779
0.000733
0.000660
0.001056
0.000622
0.000790
0.000856
0.000767
0.000644
0.000492
0.000552
0.000986
0.000557
0.000643
0.000663
0.000871
0.000912
0.001279
0.001039
0.001476
0.001489
0.000764
0.000777
0.001497
0.001908
0.001684
0.000760
0.000503
0.000824
0.000939
0.001107
0.000891
0.000516
0.000670
0.000670
0.000467
0.001023
0.000710
0.000936
0.000726
0.001267
0.000644
0.000898
0.000672
0.001196
0.010900
0.012724
0.026328
0.047960
0.085339
0.100987
0.103193
0.090945
0.065526
0.068056
0.054095
0.042081
0.041738
0.043554
0.037508
0.041331
0.082378
0.104332
0.095161
0.077482
0.079025
0.082365
0.086704
0.084354
0.083597
0.086513
0.071253
0.041758
0.039218
0.035583
0.042224
0.043322
0.039258
0.041983
0.046475
0.051908
0.037835
0.021675
0.016642
0.024133
0.113300
0.165223
0.191576
0.211033
0.219491
0.206495
0.207063
0.277534
0.305833
0.297183
0.290468
0.239841
0.187053
0.143768
0.113225
0.064308
0.073489
0.075638
0.052278
0.052876
0.041688
0.031557
0.033552
0.025671
0.026653
0.025461
0.025489
0.021148
0.021526
0.020325
0.021674
0.015396
0.016305
0.014201
0.011827
0.013627
0.011146
0.011633
0.014679
0.011578
0.099394
0.113431
0.116298
0.127357
0.105940
0.066785
0.050350
0.049408
0.047651
0.038595
0.038199
0.027720
0.019119
0.018900
0.020837
0.016200
0.021845
0.039047
0.085330
0.104332
0.108368
0.117966
0.127159
0.133085
0.135937
0.138448
0.152192
0.141517
0.103501
0.079433
0.050004
0.055429
0.048854
0.043624
0.034737
0.025947
0.019742
0.017761
0.013037
0.009296
0.006880
0.008811
0.008526
0.060527
0.066780
0.067660
0.083441
0.100865
0.134855
0.139472
0.133513
0.133733
0.109552
0.067886
0.033250
0.040334
0.034071
0.040624
0.041746
0.028431
0.021410
0.012181
0.013348
0.012227
0.012103
0.015083
0.009594
0.023378
0.038350
0.043618
0.035374
0.067027
0.114366
0.038472
0.070775
0.078854
0.087682
0.083531
0.075931
0.055493
0.046898
0.045335
0.037031
0.030899
0.026364
0.020832
0.021910
0.021167
0.021294
0.028281
0.026956
0.014194
0.007105
0.006924
0.005707
0.008389
0.006761
0.003618
0.005110
0.004914
0.001921
0.002810
0.002026
0.002048
0.003325
0.001300
0.001370
0.001046
0.001275
0.002158
0.001471
0.001095
0.001036
0.001684
0.001302
0.001328
0.001225
0.001204
0.000519
0.000788
0.000438
0.000475
0.000807
0.000565
0.000796
0.000841
